9.937000000000000000e+03
3.000000000000000000e+00
9.000000000000000000e+00
8.300000000000000000e+01
9.000000000000000000e+00
3.760000000000000000e+02
9.840000000000000000e+02
5.000000000000000000e+00
7.000000000000000000e+02
2.580000000000000000e+02
6.310000000000000000e+02
3.235000000000000000e+03
2.040000000000000000e+03
1.464500000000000000e+04
1.076000000000000000e+03
8.510000000000000000e+02
1.872000000000000000e+03
1.580000000000000000e+02
1.450000000000000000e+02
1.125800000000000000e+04
1.948000000000000000e+03
2.415000000000000000e+03
5.220000000000000000e+02
7.950000000000000000e+02
4.677000000000000000e+03
4.919000000000000000e+03
9.330000000000000000e+02
9.500000000000000000e+01
1.360000000000000000e+02
1.680000000000000000e+02
9.922000000000000000e+03
1.020000000000000000e+02
4.120000000000000000e+02
2.650000000000000000e+02
2.289000000000000000e+03
7.466000000000000000e+03
2.157700000000000000e+04
1.300000000000000000e+02
2.640000000000000000e+02
1.900000000000000000e+02
1.570000000000000000e+02
6.800000000000000000e+01
2.541000000000000000e+03
6.440000000000000000e+02
1.000000000000000000e+01
2.900000000000000000e+01
8.000000000000000000e+00
0.000000000000000000e+00
2.100000000000000000e+01
0.000000000000000000e+00
2.620000000000000000e+03
8.700000000000000000e+01
4.000000000000000000e+00
0.000000000000000000e+00
0.000000000000000000e+00
4.700000000000000000e+02
2.000000000000000000e+00
0.000000000000000000e+00
0.000000000000000000e+00
0.000000000000000000e+00
6.300000000000000000e+01
0.000000000000000000e+00
0.000000000000000000e+00
0.000000000000000000e+00
0.000000000000000000e+00
0.000000000000000000e+00
1.044000000000000000e+03
0.000000000000000000e+00
0.000000000000000000e+00
1.000000000000000000e+00
8.100000000000000000e+01
0.000000000000000000e+00
0.000000000000000000e+00
0.000000000000000000e+00
5.000000000000000000e+00
3.487000000000000000e+03
5.000000000000000000e+00
1.900000000000000000e+01
0.000000000000000000e+00
4.600000000000000000e+01
5.120000000000000000e+02
3.400000000000000000e+01
1.000000000000000000e+01
3.996000000000000000e+03
8.800000000000000000e+01
9.100000000000000000e+01
6.000000000000000000e+00
3.580000000000000000e+02
4.800000000000000000e+01
2.000000000000000000e+00
1.293000000000000000e+03
4.000000000000000000e+00
7.900000000000000000e+01
6.790000000000000000e+02
7.000000000000000000e+00
2.024000000000000000e+03
5.169000000000000000e+03
1.500000000000000000e+01
3.091000000000000000e+03
4.100000000000000000e+02
3.250000000000000000e+02
1.439700000000000000e+04
6.810000000000000000e+02
3.478700000000000000e+04
1.473000000000000000e+03
1.763000000000000000e+03
4.139000000000000000e+03
4.950000000000000000e+02
8.750000000000000000e+02
8.676000000000000000e+03
3.737000000000000000e+03
3.466000000000000000e+03
5.860000000000000000e+02
4.960000000000000000e+02
8.056000000000000000e+03
1.521000000000000000e+03
2.310000000000000000e+02
0.000000000000000000e+00
0.000000000000000000e+00
0.000000000000000000e+00
5.890000000000000000e+03
0.000000000000000000e+00
1.000000000000000000e+00
0.000000000000000000e+00
4.900000000000000000e+01
7.590000000000000000e+02
8.792000000000000000e+03
0.000000000000000000e+00
7.000000000000000000e+00
0.000000000000000000e+00
1.200000000000000000e+01
0.000000000000000000e+00
2.310000000000000000e+02
9.600000000000000000e+01
0.000000000000000000e+00
3.000000000000000000e+00
0.000000000000000000e+00
0.000000000000000000e+00
3.000000000000000000e+00
0.000000000000000000e+00
2.930000000000000000e+02
7.000000000000000000e+00
0.000000000000000000e+00
0.000000000000000000e+00
0.000000000000000000e+00
2.500000000000000000e+01
3.000000000000000000e+00
0.000000000000000000e+00
0.000000000000000000e+00
0.000000000000000000e+00
3.000000000000000000e+00
0.000000000000000000e+00
0.000000000000000000e+00
5.000000000000000000e+00
0.000000000000000000e+00
0.000000000000000000e+00
4.700000000000000000e+01
0.000000000000000000e+00
1.000000000000000000e+00
0.000000000000000000e+00
4.000000000000000000e+00
0.000000000000000000e+00
0.000000000000000000e+00
1.100000000000000000e+01
5.000000000000000000e+00
9.020000000000000000e+02
0.000000000000000000e+00
0.000000000000000000e+00
0.000000000000000000e+00
2.000000000000000000e+00
3.500000000000000000e+01
0.000000000000000000e+00
0.000000000000000000e+00
1.680000000000000000e+02
9.000000000000000000e+00
1.200000000000000000e+01
5.000000000000000000e+00
7.700000000000000000e+01
8.000000000000000000e+00
3.000000000000000000e+00
9.763000000000000000e+03
0.000000000000000000e+00
1.496000000000000000e+03
4.207000000000000000e+03
2.394000000000000000e+03
3.096000000000000000e+03
7.344000000000000000e+03
8.447000000000000000e+03
1.320100000000000000e+04
1.204200000000000000e+04
1.397000000000000000e+04
7.258000000000000000e+03
8.844000000000000000e+03
7.977000000000000000e+03
7.455000000000000000e+03
7.293000000000000000e+03
3.796000000000000000e+03
3.759000000000000000e+03
3.576000000000000000e+03
2.751000000000000000e+03
2.964000000000000000e+03
3.329000000000000000e+03
3.723000000000000000e+03
4.519000000000000000e+03
4.986000000000000000e+03
5.741000000000000000e+03
6.998000000000000000e+03
4.105000000000000000e+03
3.857000000000000000e+03
2.811000000000000000e+03
2.789000000000000000e+03
2.368000000000000000e+03
2.097000000000000000e+03
1.378000000000000000e+03
1.746000000000000000e+03
1.170000000000000000e+03
2.189000000000000000e+03
9.410000000000000000e+02
1.168000000000000000e+03
1.126000000000000000e+03
1.251000000000000000e+03
1.008000000000000000e+03
6.900000000000000000e+02
1.122000000000000000e+03
1.028000000000000000e+03
7.370000000000000000e+02
1.083000000000000000e+03
7.630000000000000000e+02
4.980000000000000000e+02
6.570000000000000000e+02
5.030000000000000000e+02
1.026000000000000000e+03
4.700000000000000000e+02
8.020000000000000000e+02
5.000000000000000000e+02
7.660000000000000000e+02
4.060000000000000000e+02
6.930000000000000000e+02
5.940000000000000000e+02
4.370000000000000000e+02
4.980000000000000000e+02
5.360000000000000000e+02
5.500000000000000000e+02
1.650000000000000000e+02
1.036000000000000000e+03
2.710000000000000000e+02
4.880000000000000000e+02
4.720000000000000000e+02
4.010000000000000000e+02
3.830000000000000000e+02
5.090000000000000000e+02
6.480000000000000000e+02
3.200000000000000000e+02
4.830000000000000000e+02
6.540000000000000000e+02
4.420000000000000000e+02
3.480000000000000000e+02
4.200000000000000000e+02
8.030000000000000000e+02
2.880000000000000000e+02
4.950000000000000000e+02
6.490000000000000000e+02
4.350000000000000000e+02
2.880000000000000000e+02
2.000000000000000000e+02
1.519000000000000000e+03
1.820000000000000000e+02
2.610000000000000000e+02
3.920000000000000000e+02
7.860000000000000000e+02
4.620000000000000000e+02
7.260000000000000000e+02
4.420000000000000000e+02
4.350000000000000000e+02
6.300000000000000000e+02
2.900000000000000000e+02
4.770000000000000000e+02
4.970000000000000000e+02
6.680000000000000000e+02
5.160000000000000000e+02
3.270000000000000000e+02
1.920000000000000000e+02
4.900000000000000000e+02
1.970000000000000000e+02
2.760000000000000000e+02
4.590000000000000000e+02
5.870000000000000000e+02
3.470000000000000000e+02
2.530000000000000000e+02
3.290000000000000000e+02
1.600000000000000000e+02
1.560000000000000000e+02
5.110000000000000000e+02
3.710000000000000000e+02
1.690000000000000000e+02
2.080000000000000000e+02
5.350000000000000000e+02
2.040000000000000000e+02
1.390000000000000000e+02
4.460000000000000000e+02
3.370000000000000000e+02
1.750000000000000000e+02
1.200000000000000000e+02
1.320000000000000000e+02
6.100000000000000000e+01
1.480000000000000000e+02
2.800000000000000000e+01
6.580000000000000000e+02
8.610000000000000000e+02
2.700000000000000000e+01
9.300000000000000000e+01
7.200000000000000000e+01
9.700000000000000000e+01
7.500000000000000000e+01
9.300000000000000000e+01
1.230000000000000000e+02
2.270000000000000000e+02
3.960000000000000000e+02
6.100000000000000000e+01
9.700000000000000000e+01
7.100000000000000000e+01
4.000000000000000000e+01
5.550000000000000000e+02
1.250000000000000000e+02
5.700000000000000000e+01
4.600000000000000000e+01
2.200000000000000000e+02
4.800000000000000000e+01
6.000000000000000000e+01
2.620000000000000000e+02
6.500000000000000000e+01
4.800000000000000000e+01
5.100000000000000000e+01
1.700000000000000000e+02
3.400000000000000000e+01
4.100000000000000000e+01
5.000000000000000000e+01
1.310000000000000000e+02
3.300000000000000000e+01
4.970000000000000000e+02
3.900000000000000000e+01
3.400000000000000000e+01
1.920000000000000000e+02
4.300000000000000000e+01
7.800000000000000000e+01
4.900000000000000000e+01
2.900000000000000000e+01
3.200000000000000000e+01
3.400000000000000000e+01
5.000000000000000000e+00
1.960000000000000000e+02
6.000000000000000000e+00
2.600000000000000000e+01
4.200000000000000000e+01
1.500000000000000000e+01
3.300000000000000000e+01
1.300000000000000000e+01
6.600000000000000000e+01
2.100000000000000000e+01
1.310000000000000000e+02
3.000000000000000000e+01
2.900000000000000000e+01
3.980000000000000000e+02
1.900000000000000000e+01
1.200000000000000000e+01
1.120000000000000000e+02
1.900000000000000000e+01
3.000000000000000000e+01
2.300000000000000000e+01
1.300000000000000000e+01
8.000000000000000000e+00
8.700000000000000000e+01
3.000000000000000000e+00
1.500000000000000000e+01
1.600000000000000000e+01
7.000000000000000000e+00
2.400000000000000000e+01
8.000000000000000000e+00
1.090000000000000000e+02
9.000000000000000000e+00
1.400000000000000000e+01
5.000000000000000000e+00
9.000000000000000000e+00
5.000000000000000000e+00
8.100000000000000000e+01
5.000000000000000000e+00
2.500000000000000000e+01
4.000000000000000000e+00
1.200000000000000000e+01
3.000000000000000000e+01
2.000000000000000000e+00
1.100000000000000000e+01
2.000000000000000000e+00
3.290000000000000000e+02
4.000000000000000000e+00
3.000000000000000000e+00
1.200000000000000000e+01
6.000000000000000000e+00
1.000000000000000000e+00
2.500000000000000000e+01
7.000000000000000000e+00
3.000000000000000000e+00
7.000000000000000000e+00
1.020000000000000000e+02
8.000000000000000000e+00
0.000000000000000000e+00
5.000000000000000000e+00
4.400000000000000000e+01
7.000000000000000000e+00
1.000000000000000000e+00
1.000000000000000000e+01
2.000000000000000000e+00
4.000000000000000000e+00
2.000000000000000000e+00
1.100000000000000000e+01
5.000000000000000000e+00
3.000000000000000000e+00
2.000000000000000000e+00
2.000000000000000000e+00
1.000000000000000000e+00
2.000000000000000000e+00
1.000000000000000000e+00
1.000000000000000000e+00
0.000000000000000000e+00
9.000000000000000000e+00
2.000000000000000000e+00
5.000000000000000000e+00
2.000000000000000000e+00
0.000000000000000000e+00
0.000000000000000000e+00
0.000000000000000000e+00
0.000000000000000000e+00
0.000000000000000000e+00
0.000000000000000000e+00
0.000000000000000000e+00
4.980000000000000000e+02
2.000000000000000000e+00
9.000000000000000000e+00
3.300000000000000000e+01
5.100000000000000000e+01
2.250000000000000000e+02
3.700000000000000000e+02
6.890000000000000000e+02
8.430000000000000000e+02
9.700000000000000000e+02
1.159000000000000000e+03
1.129000000000000000e+03
1.134000000000000000e+03
1.098000000000000000e+03
1.212000000000000000e+03
1.324000000000000000e+03
1.193000000000000000e+03
1.124000000000000000e+03
1.029000000000000000e+03
9.930000000000000000e+02
1.003000000000000000e+03
9.940000000000000000e+02
1.043000000000000000e+03
1.016000000000000000e+03
1.127000000000000000e+03
1.179000000000000000e+03
1.085000000000000000e+03
1.103000000000000000e+03
1.137000000000000000e+03
1.055000000000000000e+03
1.095000000000000000e+03
1.134000000000000000e+03
1.134000000000000000e+03
1.097000000000000000e+03
1.025000000000000000e+03
9.900000000000000000e+02
9.540000000000000000e+02
9.000000000000000000e+02
9.500000000000000000e+02
9.930000000000000000e+02
1.022000000000000000e+03
9.890000000000000000e+02
1.067000000000000000e+03
1.043000000000000000e+03
1.199000000000000000e+03
1.140000000000000000e+03
1.164000000000000000e+03
1.223000000000000000e+03
1.249000000000000000e+03
1.214000000000000000e+03
1.274000000000000000e+03
1.333000000000000000e+03
1.369000000000000000e+03
1.400000000000000000e+03
1.411000000000000000e+03
1.448000000000000000e+03
1.316000000000000000e+03
1.296000000000000000e+03
1.175000000000000000e+03
1.089000000000000000e+03
9.970000000000000000e+02
9.040000000000000000e+02
9.280000000000000000e+02
8.550000000000000000e+02
8.660000000000000000e+02
8.870000000000000000e+02
9.850000000000000000e+02
1.289000000000000000e+03
1.199000000000000000e+03
1.248000000000000000e+03
1.383000000000000000e+03
1.501000000000000000e+03
1.815000000000000000e+03
1.978000000000000000e+03
2.078000000000000000e+03
2.455000000000000000e+03
2.417000000000000000e+03
3.122000000000000000e+03
3.076000000000000000e+03
2.901000000000000000e+03
2.956000000000000000e+03
3.103000000000000000e+03
2.575000000000000000e+03
2.259000000000000000e+03
2.749000000000000000e+03
2.070000000000000000e+03
1.674000000000000000e+03
1.604000000000000000e+03
1.470000000000000000e+03
1.394000000000000000e+03
1.308000000000000000e+03
1.219000000000000000e+03
1.106000000000000000e+03
1.068000000000000000e+03
1.172000000000000000e+03
1.220000000000000000e+03
1.159000000000000000e+03
1.123000000000000000e+03
1.097000000000000000e+03
1.053000000000000000e+03
9.850000000000000000e+02
9.120000000000000000e+02
9.340000000000000000e+02
9.630000000000000000e+02
1.006000000000000000e+03
1.005000000000000000e+03
9.450000000000000000e+02
8.930000000000000000e+02
8.460000000000000000e+02
8.680000000000000000e+02
7.420000000000000000e+02
7.270000000000000000e+02
5.740000000000000000e+02
5.060000000000000000e+02
4.490000000000000000e+02
4.350000000000000000e+02
4.110000000000000000e+02
3.950000000000000000e+02
3.540000000000000000e+02
3.790000000000000000e+02
3.350000000000000000e+02
3.750000000000000000e+02
3.100000000000000000e+02
3.480000000000000000e+02
3.230000000000000000e+02
3.160000000000000000e+02
3.470000000000000000e+02
3.400000000000000000e+02
3.780000000000000000e+02
3.720000000000000000e+02
3.980000000000000000e+02
5.130000000000000000e+02
4.810000000000000000e+02
5.830000000000000000e+02
6.770000000000000000e+02
7.410000000000000000e+02
7.300000000000000000e+02
6.910000000000000000e+02
7.730000000000000000e+02
7.830000000000000000e+02
8.790000000000000000e+02
9.370000000000000000e+02
8.630000000000000000e+02
8.410000000000000000e+02
8.610000000000000000e+02
9.240000000000000000e+02
9.160000000000000000e+02
8.970000000000000000e+02
8.190000000000000000e+02
8.860000000000000000e+02
8.860000000000000000e+02
8.930000000000000000e+02
9.090000000000000000e+02
9.430000000000000000e+02
1.008000000000000000e+03
9.960000000000000000e+02
1.004000000000000000e+03
9.930000000000000000e+02
9.140000000000000000e+02
8.630000000000000000e+02
7.980000000000000000e+02
8.180000000000000000e+02
8.090000000000000000e+02
7.390000000000000000e+02
7.350000000000000000e+02
7.940000000000000000e+02
7.630000000000000000e+02
8.580000000000000000e+02
8.720000000000000000e+02
8.420000000000000000e+02
8.200000000000000000e+02
8.420000000000000000e+02
7.820000000000000000e+02
7.840000000000000000e+02
6.950000000000000000e+02
7.530000000000000000e+02
7.070000000000000000e+02
6.660000000000000000e+02
6.720000000000000000e+02
7.030000000000000000e+02
7.500000000000000000e+02
7.740000000000000000e+02
8.010000000000000000e+02
8.150000000000000000e+02
7.950000000000000000e+02
8.650000000000000000e+02
9.170000000000000000e+02
9.390000000000000000e+02
9.520000000000000000e+02
1.000000000000000000e+03
9.930000000000000000e+02
1.032000000000000000e+03
1.021000000000000000e+03
1.176000000000000000e+03
1.338000000000000000e+03
1.402000000000000000e+03
1.607000000000000000e+03
1.954000000000000000e+03
2.358000000000000000e+03
2.207000000000000000e+03
2.141000000000000000e+03
2.137000000000000000e+03
1.683000000000000000e+03
1.861000000000000000e+03
2.153000000000000000e+03
2.265000000000000000e+03
2.115000000000000000e+03
1.988000000000000000e+03
1.650000000000000000e+03
1.488000000000000000e+03
1.088000000000000000e+03
6.680000000000000000e+02
6.810000000000000000e+02
5.410000000000000000e+02
5.640000000000000000e+02
5.290000000000000000e+02
5.820000000000000000e+02
4.190000000000000000e+02
4.620000000000000000e+02
3.890000000000000000e+02
3.780000000000000000e+02
3.590000000000000000e+02
3.720000000000000000e+02
3.970000000000000000e+02
4.580000000000000000e+02
4.770000000000000000e+02
5.020000000000000000e+02
4.220000000000000000e+02
4.100000000000000000e+02
3.820000000000000000e+02
3.530000000000000000e+02
3.150000000000000000e+02
2.940000000000000000e+02
2.400000000000000000e+02
1.670000000000000000e+02
1.300000000000000000e+02
1.240000000000000000e+02
1.090000000000000000e+02
8.900000000000000000e+01
7.400000000000000000e+01
7.300000000000000000e+01
7.000000000000000000e+01
4.400000000000000000e+01
5.500000000000000000e+01
4.700000000000000000e+01
3.700000000000000000e+01
6.100000000000000000e+01
4.000000000000000000e+01
3.800000000000000000e+01
3.800000000000000000e+01
3.800000000000000000e+01
3.900000000000000000e+01
3.100000000000000000e+01
3.100000000000000000e+01
2.500000000000000000e+01
2.600000000000000000e+01
4.300000000000000000e+01
