1.000000000000000000e+00
0.000000000000000000e+00
1.000000000000000000e+00
0.000000000000000000e+00
0.000000000000000000e+00
2.000000000000000000e+00
2.000000000000000000e+00
2.000000000000000000e+00
3.000000000000000000e+00
5.000000000000000000e+00
3.000000000000000000e+00
7.000000000000000000e+00
8.000000000000000000e+00
1.500000000000000000e+01
1.800000000000000000e+01
3.300000000000000000e+01
4.900000000000000000e+01
4.300000000000000000e+01
7.500000000000000000e+01
9.000000000000000000e+01
1.320000000000000000e+02
1.820000000000000000e+02
1.890000000000000000e+02
2.230000000000000000e+02
2.870000000000000000e+02
3.330000000000000000e+02
4.190000000000000000e+02
4.610000000000000000e+02
5.350000000000000000e+02
6.210000000000000000e+02
6.490000000000000000e+02
6.810000000000000000e+02
7.320000000000000000e+02
7.200000000000000000e+02
8.260000000000000000e+02
8.520000000000000000e+02
9.150000000000000000e+02
9.530000000000000000e+02
9.730000000000000000e+02
1.077000000000000000e+03
1.114000000000000000e+03
1.112000000000000000e+03
1.264000000000000000e+03
1.306000000000000000e+03
1.437000000000000000e+03
1.579000000000000000e+03
1.590000000000000000e+03
1.719000000000000000e+03
1.808000000000000000e+03
1.804000000000000000e+03
1.867000000000000000e+03
1.968000000000000000e+03
1.989000000000000000e+03
2.081000000000000000e+03
2.164000000000000000e+03
2.095000000000000000e+03
2.158000000000000000e+03
2.183000000000000000e+03
2.234000000000000000e+03
2.050000000000000000e+03
2.214000000000000000e+03
2.166000000000000000e+03
2.077000000000000000e+03
2.098000000000000000e+03
2.029000000000000000e+03
1.926000000000000000e+03
1.959000000000000000e+03
1.821000000000000000e+03
1.761000000000000000e+03
1.772000000000000000e+03
1.667000000000000000e+03
1.582000000000000000e+03
1.567000000000000000e+03
1.519000000000000000e+03
1.421000000000000000e+03
1.337000000000000000e+03
1.261000000000000000e+03
1.275000000000000000e+03
1.194000000000000000e+03
1.073000000000000000e+03
1.062000000000000000e+03
1.049000000000000000e+03
9.880000000000000000e+02
9.400000000000000000e+02
8.780000000000000000e+02
7.720000000000000000e+02
8.280000000000000000e+02
7.840000000000000000e+02
7.120000000000000000e+02
6.960000000000000000e+02
6.850000000000000000e+02
6.740000000000000000e+02
6.390000000000000000e+02
6.110000000000000000e+02
6.020000000000000000e+02
6.590000000000000000e+02
5.500000000000000000e+02
5.760000000000000000e+02
5.530000000000000000e+02
5.510000000000000000e+02
5.250000000000000000e+02
5.130000000000000000e+02
5.050000000000000000e+02
4.970000000000000000e+02
4.580000000000000000e+02
4.500000000000000000e+02
4.630000000000000000e+02
4.330000000000000000e+02
4.410000000000000000e+02
4.520000000000000000e+02
3.960000000000000000e+02
4.130000000000000000e+02
3.950000000000000000e+02
4.210000000000000000e+02
4.350000000000000000e+02
4.050000000000000000e+02
3.940000000000000000e+02
3.850000000000000000e+02
3.720000000000000000e+02
3.590000000000000000e+02
3.520000000000000000e+02
4.100000000000000000e+02
3.390000000000000000e+02
3.740000000000000000e+02
3.520000000000000000e+02
3.270000000000000000e+02
3.290000000000000000e+02
3.430000000000000000e+02
4.030000000000000000e+02
3.510000000000000000e+02
3.950000000000000000e+02
3.780000000000000000e+02
3.890000000000000000e+02
4.200000000000000000e+02
4.090000000000000000e+02
3.750000000000000000e+02
4.020000000000000000e+02
4.160000000000000000e+02
4.250000000000000000e+02
4.330000000000000000e+02
4.710000000000000000e+02
4.350000000000000000e+02
4.500000000000000000e+02
4.580000000000000000e+02
4.980000000000000000e+02
4.720000000000000000e+02
4.800000000000000000e+02
5.620000000000000000e+02
5.680000000000000000e+02
5.460000000000000000e+02
5.580000000000000000e+02
5.880000000000000000e+02
6.360000000000000000e+02
6.350000000000000000e+02
7.260000000000000000e+02
7.010000000000000000e+02
8.220000000000000000e+02
8.510000000000000000e+02
8.680000000000000000e+02
1.017000000000000000e+03
1.039000000000000000e+03
1.017000000000000000e+03
1.145000000000000000e+03
1.226000000000000000e+03
1.272000000000000000e+03
1.352000000000000000e+03
1.376000000000000000e+03
1.515000000000000000e+03
1.526000000000000000e+03
1.626000000000000000e+03
1.767000000000000000e+03
1.779000000000000000e+03
1.791000000000000000e+03
1.819000000000000000e+03
1.904000000000000000e+03
1.943000000000000000e+03
1.975000000000000000e+03
2.055000000000000000e+03
2.220000000000000000e+03
2.270000000000000000e+03
2.243000000000000000e+03
2.349000000000000000e+03
2.415000000000000000e+03
2.508000000000000000e+03
2.463000000000000000e+03
2.563000000000000000e+03
2.440000000000000000e+03
2.436000000000000000e+03
2.325000000000000000e+03
2.245000000000000000e+03
2.241000000000000000e+03
2.108000000000000000e+03
2.077000000000000000e+03
1.826000000000000000e+03
1.639000000000000000e+03
1.562000000000000000e+03
1.449000000000000000e+03
1.200000000000000000e+03
1.174000000000000000e+03
1.047000000000000000e+03
8.830000000000000000e+02
7.990000000000000000e+02
7.310000000000000000e+02
6.520000000000000000e+02
5.460000000000000000e+02
4.610000000000000000e+02
4.070000000000000000e+02
3.750000000000000000e+02
3.130000000000000000e+02
3.150000000000000000e+02
2.560000000000000000e+02
2.470000000000000000e+02
2.620000000000000000e+02
2.850000000000000000e+02
2.800000000000000000e+02
2.210000000000000000e+02
2.300000000000000000e+02
2.750000000000000000e+02
2.770000000000000000e+02
2.330000000000000000e+02
2.750000000000000000e+02
2.640000000000000000e+02
2.990000000000000000e+02
3.600000000000000000e+02
3.290000000000000000e+02
3.510000000000000000e+02
3.710000000000000000e+02
3.720000000000000000e+02
4.120000000000000000e+02
4.380000000000000000e+02
4.620000000000000000e+02
5.000000000000000000e+02
4.610000000000000000e+02
5.940000000000000000e+02
5.760000000000000000e+02
5.460000000000000000e+02
6.150000000000000000e+02
6.120000000000000000e+02
6.910000000000000000e+02
7.240000000000000000e+02
6.360000000000000000e+02
7.920000000000000000e+02
9.280000000000000000e+02
1.113000000000000000e+03
1.349000000000000000e+03
1.879000000000000000e+03
2.193000000000000000e+03
2.255000000000000000e+03
1.996000000000000000e+03
1.642000000000000000e+03
1.302000000000000000e+03
1.128000000000000000e+03
1.229000000000000000e+03
1.502000000000000000e+03
1.616000000000000000e+03
3.370000000000000000e+03
0.000000000000000000e+00
0.000000000000000000e+00
1.000000000000000000e+00
1.000000000000000000e+00
1.000000000000000000e+00
1.000000000000000000e+00
0.000000000000000000e+00
2.000000000000000000e+00
1.000000000000000000e+00
4.000000000000000000e+00
7.000000000000000000e+00
7.000000000000000000e+00
1.200000000000000000e+01
2.600000000000000000e+01
3.400000000000000000e+01
4.500000000000000000e+01
5.600000000000000000e+01
8.800000000000000000e+01
1.080000000000000000e+02
1.390000000000000000e+02
1.830000000000000000e+02
2.310000000000000000e+02
2.550000000000000000e+02
2.880000000000000000e+02
3.580000000000000000e+02
3.880000000000000000e+02
4.390000000000000000e+02
4.430000000000000000e+02
4.470000000000000000e+02
4.980000000000000000e+02
4.830000000000000000e+02
5.070000000000000000e+02
4.970000000000000000e+02
5.810000000000000000e+02
5.640000000000000000e+02
5.760000000000000000e+02
6.130000000000000000e+02
5.970000000000000000e+02
6.770000000000000000e+02
6.840000000000000000e+02
7.370000000000000000e+02
8.090000000000000000e+02
8.670000000000000000e+02
9.180000000000000000e+02
9.720000000000000000e+02
1.082000000000000000e+03
1.100000000000000000e+03
1.225000000000000000e+03
1.242000000000000000e+03
1.356000000000000000e+03
1.468000000000000000e+03
1.570000000000000000e+03
1.491000000000000000e+03
1.614000000000000000e+03
1.616000000000000000e+03
1.588000000000000000e+03
1.598000000000000000e+03
1.583000000000000000e+03
1.672000000000000000e+03
1.640000000000000000e+03
1.578000000000000000e+03
1.674000000000000000e+03
1.591000000000000000e+03
1.635000000000000000e+03
1.630000000000000000e+03
1.630000000000000000e+03
1.483000000000000000e+03
1.556000000000000000e+03
1.564000000000000000e+03
1.511000000000000000e+03
1.524000000000000000e+03
1.559000000000000000e+03
1.565000000000000000e+03
1.495000000000000000e+03
1.495000000000000000e+03
1.465000000000000000e+03
1.497000000000000000e+03
1.437000000000000000e+03
1.475000000000000000e+03
1.423000000000000000e+03
1.399000000000000000e+03
1.449000000000000000e+03
1.382000000000000000e+03
1.348000000000000000e+03
1.304000000000000000e+03
1.251000000000000000e+03
1.186000000000000000e+03
1.189000000000000000e+03
1.076000000000000000e+03
1.108000000000000000e+03
1.079000000000000000e+03
1.092000000000000000e+03
1.058000000000000000e+03
9.570000000000000000e+02
9.520000000000000000e+02
9.680000000000000000e+02
9.330000000000000000e+02
9.020000000000000000e+02
8.550000000000000000e+02
8.460000000000000000e+02
8.620000000000000000e+02
8.670000000000000000e+02
8.380000000000000000e+02
8.020000000000000000e+02
7.680000000000000000e+02
7.720000000000000000e+02
7.470000000000000000e+02
7.070000000000000000e+02
7.250000000000000000e+02
7.230000000000000000e+02
6.540000000000000000e+02
6.030000000000000000e+02
6.280000000000000000e+02
5.660000000000000000e+02
6.520000000000000000e+02
6.160000000000000000e+02
6.050000000000000000e+02
5.580000000000000000e+02
5.830000000000000000e+02
5.610000000000000000e+02
5.740000000000000000e+02
5.230000000000000000e+02
4.690000000000000000e+02
5.020000000000000000e+02
5.540000000000000000e+02
5.110000000000000000e+02
4.930000000000000000e+02
4.780000000000000000e+02
5.000000000000000000e+02
4.660000000000000000e+02
4.540000000000000000e+02
4.990000000000000000e+02
4.920000000000000000e+02
5.400000000000000000e+02
4.910000000000000000e+02
5.720000000000000000e+02
5.040000000000000000e+02
5.380000000000000000e+02
5.760000000000000000e+02
5.470000000000000000e+02
5.760000000000000000e+02
5.860000000000000000e+02
5.710000000000000000e+02
6.030000000000000000e+02
6.120000000000000000e+02
6.220000000000000000e+02
6.270000000000000000e+02
6.560000000000000000e+02
6.830000000000000000e+02
6.970000000000000000e+02
7.020000000000000000e+02
6.730000000000000000e+02
7.470000000000000000e+02
7.620000000000000000e+02
7.860000000000000000e+02
7.880000000000000000e+02
8.780000000000000000e+02
9.100000000000000000e+02
8.920000000000000000e+02
9.460000000000000000e+02
9.660000000000000000e+02
1.088000000000000000e+03
1.216000000000000000e+03
1.178000000000000000e+03
1.237000000000000000e+03
1.283000000000000000e+03
1.363000000000000000e+03
1.359000000000000000e+03
1.480000000000000000e+03
1.482000000000000000e+03
1.504000000000000000e+03
1.563000000000000000e+03
1.687000000000000000e+03
1.697000000000000000e+03
1.801000000000000000e+03
1.807000000000000000e+03
1.941000000000000000e+03
1.992000000000000000e+03
2.000000000000000000e+03
2.031000000000000000e+03
1.970000000000000000e+03
2.154000000000000000e+03
2.190000000000000000e+03
2.256000000000000000e+03
2.292000000000000000e+03
2.248000000000000000e+03
2.322000000000000000e+03
2.281000000000000000e+03
2.271000000000000000e+03
2.271000000000000000e+03
2.187000000000000000e+03
2.137000000000000000e+03
1.950000000000000000e+03
1.898000000000000000e+03
1.746000000000000000e+03
1.599000000000000000e+03
1.500000000000000000e+03
1.411000000000000000e+03
1.244000000000000000e+03
1.072000000000000000e+03
9.500000000000000000e+02
8.820000000000000000e+02
7.010000000000000000e+02
5.990000000000000000e+02
5.230000000000000000e+02
4.210000000000000000e+02
3.810000000000000000e+02
3.300000000000000000e+02
2.590000000000000000e+02
2.420000000000000000e+02
1.920000000000000000e+02
1.810000000000000000e+02
1.790000000000000000e+02
1.860000000000000000e+02
2.020000000000000000e+02
1.810000000000000000e+02
1.780000000000000000e+02
1.630000000000000000e+02
1.800000000000000000e+02
1.780000000000000000e+02
2.080000000000000000e+02
1.830000000000000000e+02
2.140000000000000000e+02
2.100000000000000000e+02
2.550000000000000000e+02
2.920000000000000000e+02
3.280000000000000000e+02
4.220000000000000000e+02
4.940000000000000000e+02
6.760000000000000000e+02
8.680000000000000000e+02
9.400000000000000000e+02
8.860000000000000000e+02
7.620000000000000000e+02
8.380000000000000000e+02
1.156000000000000000e+03
1.484000000000000000e+03
1.454000000000000000e+03
1.368000000000000000e+03
1.462000000000000000e+03
1.126000000000000000e+03
9.240000000000000000e+02
8.440000000000000000e+02
9.810000000000000000e+02
9.450000000000000000e+02
9.210000000000000000e+02
8.940000000000000000e+02
9.730000000000000000e+02
1.295000000000000000e+03
1.480000000000000000e+03
1.617000000000000000e+03
1.861000000000000000e+03
1.996000000000000000e+03
1.758000000000000000e+03
1.855000000000000000e+03
1.700000000000000000e+03
4.000000000000000000e+00
1.000000000000000000e+00
4.000000000000000000e+00
2.000000000000000000e+00
8.000000000000000000e+00
8.000000000000000000e+00
1.300000000000000000e+01
2.300000000000000000e+01
3.400000000000000000e+01
3.600000000000000000e+01
4.900000000000000000e+01
6.300000000000000000e+01
7.500000000000000000e+01
1.100000000000000000e+02
1.120000000000000000e+02
1.520000000000000000e+02
1.840000000000000000e+02
2.040000000000000000e+02
2.340000000000000000e+02
2.750000000000000000e+02
3.280000000000000000e+02
3.240000000000000000e+02
3.760000000000000000e+02
3.940000000000000000e+02
4.310000000000000000e+02
4.480000000000000000e+02
4.090000000000000000e+02
4.410000000000000000e+02
4.410000000000000000e+02
4.610000000000000000e+02
5.220000000000000000e+02
5.440000000000000000e+02
5.270000000000000000e+02
5.920000000000000000e+02
5.680000000000000000e+02
6.760000000000000000e+02
7.370000000000000000e+02
7.940000000000000000e+02
8.370000000000000000e+02
9.110000000000000000e+02
9.460000000000000000e+02
1.025000000000000000e+03
1.134000000000000000e+03
1.137000000000000000e+03
1.169000000000000000e+03
1.165000000000000000e+03
1.206000000000000000e+03
1.278000000000000000e+03
1.300000000000000000e+03
1.293000000000000000e+03
1.255000000000000000e+03
1.357000000000000000e+03
1.334000000000000000e+03
1.426000000000000000e+03
1.389000000000000000e+03
1.360000000000000000e+03
1.458000000000000000e+03
1.461000000000000000e+03
1.519000000000000000e+03
1.502000000000000000e+03
1.484000000000000000e+03
1.494000000000000000e+03
1.579000000000000000e+03
1.441000000000000000e+03
1.526000000000000000e+03
1.437000000000000000e+03
1.467000000000000000e+03
1.395000000000000000e+03
1.451000000000000000e+03
1.416000000000000000e+03
1.438000000000000000e+03
1.425000000000000000e+03
1.388000000000000000e+03
1.449000000000000000e+03
1.381000000000000000e+03
1.366000000000000000e+03
1.405000000000000000e+03
1.299000000000000000e+03
1.377000000000000000e+03
1.330000000000000000e+03
1.364000000000000000e+03
1.219000000000000000e+03
1.237000000000000000e+03
1.290000000000000000e+03
1.227000000000000000e+03
1.217000000000000000e+03
1.162000000000000000e+03
1.133000000000000000e+03
1.060000000000000000e+03
1.070000000000000000e+03
9.750000000000000000e+02
9.760000000000000000e+02
9.570000000000000000e+02
9.840000000000000000e+02
9.360000000000000000e+02
9.520000000000000000e+02
9.080000000000000000e+02
9.560000000000000000e+02
9.470000000000000000e+02
9.330000000000000000e+02
8.800000000000000000e+02
8.580000000000000000e+02
8.600000000000000000e+02
8.650000000000000000e+02
8.630000000000000000e+02
8.190000000000000000e+02
8.410000000000000000e+02
7.740000000000000000e+02
7.750000000000000000e+02
7.560000000000000000e+02
7.570000000000000000e+02
8.050000000000000000e+02
7.750000000000000000e+02
7.900000000000000000e+02
7.260000000000000000e+02
7.700000000000000000e+02
6.870000000000000000e+02
7.220000000000000000e+02
7.180000000000000000e+02
6.590000000000000000e+02
6.370000000000000000e+02
6.790000000000000000e+02
6.770000000000000000e+02
6.360000000000000000e+02
6.940000000000000000e+02
6.050000000000000000e+02
6.150000000000000000e+02
6.350000000000000000e+02
6.730000000000000000e+02
6.370000000000000000e+02
6.120000000000000000e+02
6.410000000000000000e+02
6.130000000000000000e+02
6.190000000000000000e+02
6.450000000000000000e+02
6.080000000000000000e+02
5.910000000000000000e+02
6.720000000000000000e+02
6.770000000000000000e+02
6.510000000000000000e+02
7.080000000000000000e+02
6.570000000000000000e+02
6.960000000000000000e+02
6.820000000000000000e+02
7.410000000000000000e+02
7.590000000000000000e+02
7.680000000000000000e+02
7.670000000000000000e+02
8.270000000000000000e+02
7.810000000000000000e+02
8.420000000000000000e+02
8.890000000000000000e+02
8.780000000000000000e+02
9.580000000000000000e+02
1.029000000000000000e+03
9.900000000000000000e+02
1.081000000000000000e+03
1.104000000000000000e+03
1.198000000000000000e+03
1.232000000000000000e+03
1.265000000000000000e+03
1.331000000000000000e+03
1.343000000000000000e+03
1.387000000000000000e+03
1.516000000000000000e+03
1.507000000000000000e+03
1.565000000000000000e+03
1.593000000000000000e+03
1.608000000000000000e+03
1.720000000000000000e+03
1.786000000000000000e+03
1.794000000000000000e+03
1.834000000000000000e+03
1.971000000000000000e+03
1.958000000000000000e+03
1.964000000000000000e+03
2.100000000000000000e+03
1.986000000000000000e+03
2.142000000000000000e+03
2.141000000000000000e+03
2.208000000000000000e+03
2.115000000000000000e+03
2.225000000000000000e+03
2.081000000000000000e+03
2.104000000000000000e+03
1.981000000000000000e+03
1.971000000000000000e+03
1.905000000000000000e+03
1.782000000000000000e+03
1.786000000000000000e+03
1.640000000000000000e+03
1.540000000000000000e+03
1.505000000000000000e+03
1.365000000000000000e+03
1.368000000000000000e+03
1.277000000000000000e+03
1.185000000000000000e+03
1.131000000000000000e+03
1.094000000000000000e+03
1.074000000000000000e+03
1.032000000000000000e+03
1.077000000000000000e+03
8.700000000000000000e+02
9.390000000000000000e+02
9.150000000000000000e+02
9.030000000000000000e+02
8.520000000000000000e+02
9.520000000000000000e+02
7.200000000000000000e+02
7.830000000000000000e+02
7.340000000000000000e+02
8.060000000000000000e+02
9.040000000000000000e+02
9.250000000000000000e+02
9.620000000000000000e+02
6.860000000000000000e+02
5.040000000000000000e+02
5.720000000000000000e+02
6.690000000000000000e+02
6.450000000000000000e+02
6.870000000000000000e+02
5.980000000000000000e+02
5.820000000000000000e+02
6.260000000000000000e+02
6.550000000000000000e+02
5.670000000000000000e+02
5.300000000000000000e+02
5.850000000000000000e+02
6.570000000000000000e+02
6.070000000000000000e+02
5.690000000000000000e+02
5.510000000000000000e+02
5.660000000000000000e+02
4.940000000000000000e+02
4.730000000000000000e+02
5.180000000000000000e+02
6.240000000000000000e+02
7.230000000000000000e+02
7.240000000000000000e+02
8.870000000000000000e+02
6.260000000000000000e+02
6.690000000000000000e+02
5.750000000000000000e+02
5.980000000000000000e+02
5.550000000000000000e+02
5.070000000000000000e+02
4.930000000000000000e+02
5.120000000000000000e+02
5.070000000000000000e+02
4.820000000000000000e+02
5.070000000000000000e+02
4.850000000000000000e+02
5.460000000000000000e+02
6.560000000000000000e+02
6.310000000000000000e+02
9.090000000000000000e+02
