8.467000000000000000e+03
2.366000000000000000e+03
2.625000000000000000e+03
2.122000000000000000e+03
2.099000000000000000e+03
2.195000000000000000e+03
1.953000000000000000e+03
1.783000000000000000e+03
1.558000000000000000e+03
1.582000000000000000e+03
1.505000000000000000e+03
1.592000000000000000e+03
1.436000000000000000e+03
1.474000000000000000e+03
1.411000000000000000e+03
1.418000000000000000e+03
1.417000000000000000e+03
1.475000000000000000e+03
1.419000000000000000e+03
1.462000000000000000e+03
1.451000000000000000e+03
1.463000000000000000e+03
1.522000000000000000e+03
1.549000000000000000e+03
1.578000000000000000e+03
1.618000000000000000e+03
1.720000000000000000e+03
1.687000000000000000e+03
1.685000000000000000e+03
1.673000000000000000e+03
1.628000000000000000e+03
1.590000000000000000e+03
1.559000000000000000e+03
1.569000000000000000e+03
1.529000000000000000e+03
1.515000000000000000e+03
1.578000000000000000e+03
1.580000000000000000e+03
1.405000000000000000e+03
1.435000000000000000e+03
1.441000000000000000e+03
1.411000000000000000e+03
1.413000000000000000e+03
1.339000000000000000e+03
1.417000000000000000e+03
1.459000000000000000e+03
1.321000000000000000e+03
1.447000000000000000e+03
1.392000000000000000e+03
1.417000000000000000e+03
1.372000000000000000e+03
1.352000000000000000e+03
1.317000000000000000e+03
1.385000000000000000e+03
1.299000000000000000e+03
1.272000000000000000e+03
1.324000000000000000e+03
1.363000000000000000e+03
1.246000000000000000e+03
1.302000000000000000e+03
1.241000000000000000e+03
1.270000000000000000e+03
1.279000000000000000e+03
1.291000000000000000e+03
1.255000000000000000e+03
1.254000000000000000e+03
1.253000000000000000e+03
1.183000000000000000e+03
1.249000000000000000e+03
1.229000000000000000e+03
1.179000000000000000e+03
1.096000000000000000e+03
1.134000000000000000e+03
1.063000000000000000e+03
1.000000000000000000e+03
9.960000000000000000e+02
9.760000000000000000e+02
9.710000000000000000e+02
9.100000000000000000e+02
9.320000000000000000e+02
8.960000000000000000e+02
8.360000000000000000e+02
8.780000000000000000e+02
7.430000000000000000e+02
7.200000000000000000e+02
7.340000000000000000e+02
7.200000000000000000e+02
6.540000000000000000e+02
6.530000000000000000e+02
6.740000000000000000e+02
5.420000000000000000e+02
5.760000000000000000e+02
5.210000000000000000e+02
5.210000000000000000e+02
5.470000000000000000e+02
5.170000000000000000e+02
5.290000000000000000e+02
5.020000000000000000e+02
4.620000000000000000e+02
4.830000000000000000e+02
4.760000000000000000e+02
4.440000000000000000e+02
4.600000000000000000e+02
4.540000000000000000e+02
4.170000000000000000e+02
4.170000000000000000e+02
3.990000000000000000e+02
3.740000000000000000e+02
3.950000000000000000e+02
3.570000000000000000e+02
3.540000000000000000e+02
3.860000000000000000e+02
3.140000000000000000e+02
3.150000000000000000e+02
3.530000000000000000e+02
3.950000000000000000e+02
3.650000000000000000e+02
3.940000000000000000e+02
3.800000000000000000e+02
3.490000000000000000e+02
3.860000000000000000e+02
4.290000000000000000e+02
4.760000000000000000e+02
4.700000000000000000e+02
4.540000000000000000e+02
4.800000000000000000e+02
4.920000000000000000e+02
5.340000000000000000e+02
6.370000000000000000e+02
6.140000000000000000e+02
6.870000000000000000e+02
7.830000000000000000e+02
8.790000000000000000e+02
9.740000000000000000e+02
1.099000000000000000e+03
1.208000000000000000e+03
1.399000000000000000e+03
1.449000000000000000e+03
1.442000000000000000e+03
1.561000000000000000e+03
1.676000000000000000e+03
1.788000000000000000e+03
2.038000000000000000e+03
2.293000000000000000e+03
2.453000000000000000e+03
2.509000000000000000e+03
2.424000000000000000e+03
2.372000000000000000e+03
2.618000000000000000e+03
2.543000000000000000e+03
2.537000000000000000e+03
2.391000000000000000e+03
2.512000000000000000e+03
2.622000000000000000e+03
2.691000000000000000e+03
2.760000000000000000e+03
2.716000000000000000e+03
2.718000000000000000e+03
2.034000000000000000e+03
1.770000000000000000e+03
1.291000000000000000e+03
1.064000000000000000e+03
9.980000000000000000e+02
9.120000000000000000e+02
8.050000000000000000e+02
7.150000000000000000e+02
6.080000000000000000e+02
5.550000000000000000e+02
3.970000000000000000e+02
3.470000000000000000e+02
3.170000000000000000e+02
2.760000000000000000e+02
2.730000000000000000e+02
2.900000000000000000e+02
2.730000000000000000e+02
3.040000000000000000e+02
2.650000000000000000e+02
2.700000000000000000e+02
1.990000000000000000e+02
1.970000000000000000e+02
2.020000000000000000e+02
1.670000000000000000e+02
1.530000000000000000e+02
1.680000000000000000e+02
1.740000000000000000e+02
1.850000000000000000e+02
1.910000000000000000e+02
1.930000000000000000e+02
2.100000000000000000e+02
1.820000000000000000e+02
2.010000000000000000e+02
2.370000000000000000e+02
2.150000000000000000e+02
2.320000000000000000e+02
2.690000000000000000e+02
3.320000000000000000e+02
4.000000000000000000e+02
4.370000000000000000e+02
5.220000000000000000e+02
5.900000000000000000e+02
6.060000000000000000e+02
5.410000000000000000e+02
5.110000000000000000e+02
5.210000000000000000e+02
4.820000000000000000e+02
4.880000000000000000e+02
5.140000000000000000e+02
5.300000000000000000e+02
5.060000000000000000e+02
5.160000000000000000e+02
5.590000000000000000e+02
5.060000000000000000e+02
4.440000000000000000e+02
4.590000000000000000e+02
4.390000000000000000e+02
4.040000000000000000e+02
4.070000000000000000e+02
3.520000000000000000e+02
3.700000000000000000e+02
3.360000000000000000e+02
3.580000000000000000e+02
2.790000000000000000e+02
2.280000000000000000e+02
2.470000000000000000e+02
2.510000000000000000e+02
3.160000000000000000e+02
3.790000000000000000e+02
4.350000000000000000e+02
4.110000000000000000e+02
3.950000000000000000e+02
4.570000000000000000e+02
6.110000000000000000e+02
4.950000000000000000e+02
4.130000000000000000e+02
3.300000000000000000e+02
2.820000000000000000e+02
2.680000000000000000e+02
2.740000000000000000e+02
2.160000000000000000e+02
1.710000000000000000e+02
1.270000000000000000e+02
9.200000000000000000e+01
1.400000000000000000e+02
9.500000000000000000e+01
7.600000000000000000e+01
7.600000000000000000e+01
8.400000000000000000e+01
7.000000000000000000e+01
4.700000000000000000e+01
4.600000000000000000e+01
2.800000000000000000e+01
1.500000000000000000e+01
1.000000000000000000e+01
3.000000000000000000e+00
0.000000000000000000e+00
1.000000000000000000e+00
5.219000000000000000e+03
2.988000000000000000e+03
2.083000000000000000e+03
1.539000000000000000e+03
1.345000000000000000e+03
1.176000000000000000e+03
1.243000000000000000e+03
1.294000000000000000e+03
1.245000000000000000e+03
1.236000000000000000e+03
1.229000000000000000e+03
1.369000000000000000e+03
1.274000000000000000e+03
1.338000000000000000e+03
1.230000000000000000e+03
1.184000000000000000e+03
1.104000000000000000e+03
1.081000000000000000e+03
1.142000000000000000e+03
1.117000000000000000e+03
1.102000000000000000e+03
1.130000000000000000e+03
9.970000000000000000e+02
1.126000000000000000e+03
1.081000000000000000e+03
1.006000000000000000e+03
1.031000000000000000e+03
1.073000000000000000e+03
1.091000000000000000e+03
1.082000000000000000e+03
1.002000000000000000e+03
1.065000000000000000e+03
1.046000000000000000e+03
1.027000000000000000e+03
1.013000000000000000e+03
9.870000000000000000e+02
1.033000000000000000e+03
9.600000000000000000e+02
9.160000000000000000e+02
9.690000000000000000e+02
9.220000000000000000e+02
9.620000000000000000e+02
9.700000000000000000e+02
9.900000000000000000e+02
9.380000000000000000e+02
9.940000000000000000e+02
9.820000000000000000e+02
9.690000000000000000e+02
9.900000000000000000e+02
9.340000000000000000e+02
9.460000000000000000e+02
9.000000000000000000e+02
8.870000000000000000e+02
9.510000000000000000e+02
9.740000000000000000e+02
9.400000000000000000e+02
9.370000000000000000e+02
9.910000000000000000e+02
1.007000000000000000e+03
9.420000000000000000e+02
9.720000000000000000e+02
9.730000000000000000e+02
9.340000000000000000e+02
9.500000000000000000e+02
9.150000000000000000e+02
1.068000000000000000e+03
1.103000000000000000e+03
9.850000000000000000e+02
9.490000000000000000e+02
1.025000000000000000e+03
1.002000000000000000e+03
1.062000000000000000e+03
1.087000000000000000e+03
1.085000000000000000e+03
1.037000000000000000e+03
1.110000000000000000e+03
1.022000000000000000e+03
1.005000000000000000e+03
1.043000000000000000e+03
9.950000000000000000e+02
1.057000000000000000e+03
1.005000000000000000e+03
1.009000000000000000e+03
1.043000000000000000e+03
1.030000000000000000e+03
1.080000000000000000e+03
1.084000000000000000e+03
1.064000000000000000e+03
1.131000000000000000e+03
1.131000000000000000e+03
1.141000000000000000e+03
1.102000000000000000e+03
1.151000000000000000e+03
1.243000000000000000e+03
1.170000000000000000e+03
1.149000000000000000e+03
1.217000000000000000e+03
1.128000000000000000e+03
1.208000000000000000e+03
1.104000000000000000e+03
1.107000000000000000e+03
1.122000000000000000e+03
1.146000000000000000e+03
1.080000000000000000e+03
1.067000000000000000e+03
1.091000000000000000e+03
1.038000000000000000e+03
1.078000000000000000e+03
1.012000000000000000e+03
1.059000000000000000e+03
9.960000000000000000e+02
9.470000000000000000e+02
9.380000000000000000e+02
9.920000000000000000e+02
9.060000000000000000e+02
8.250000000000000000e+02
8.770000000000000000e+02
7.990000000000000000e+02
7.820000000000000000e+02
7.220000000000000000e+02
7.300000000000000000e+02
7.220000000000000000e+02
6.840000000000000000e+02
6.470000000000000000e+02
7.200000000000000000e+02
6.990000000000000000e+02
6.900000000000000000e+02
6.730000000000000000e+02
7.030000000000000000e+02
7.380000000000000000e+02
7.520000000000000000e+02
7.580000000000000000e+02
7.880000000000000000e+02
8.620000000000000000e+02
9.330000000000000000e+02
1.056000000000000000e+03
1.182000000000000000e+03
1.285000000000000000e+03
1.335000000000000000e+03
1.512000000000000000e+03
1.690000000000000000e+03
1.725000000000000000e+03
1.789000000000000000e+03
1.736000000000000000e+03
2.141000000000000000e+03
2.241000000000000000e+03
2.409000000000000000e+03
2.615000000000000000e+03
2.657000000000000000e+03
2.662000000000000000e+03
2.714000000000000000e+03
2.674000000000000000e+03
2.707000000000000000e+03
2.741000000000000000e+03
2.678000000000000000e+03
2.792000000000000000e+03
2.808000000000000000e+03
2.920000000000000000e+03
2.853000000000000000e+03
2.739000000000000000e+03
2.118000000000000000e+03
1.817000000000000000e+03
1.425000000000000000e+03
1.171000000000000000e+03
1.103000000000000000e+03
9.610000000000000000e+02
8.390000000000000000e+02
8.960000000000000000e+02
8.810000000000000000e+02
7.740000000000000000e+02
7.410000000000000000e+02
7.030000000000000000e+02
6.790000000000000000e+02
5.390000000000000000e+02
3.550000000000000000e+02
3.440000000000000000e+02
3.210000000000000000e+02
3.270000000000000000e+02
3.420000000000000000e+02
3.190000000000000000e+02
3.320000000000000000e+02
3.360000000000000000e+02
2.490000000000000000e+02
2.760000000000000000e+02
2.390000000000000000e+02
2.210000000000000000e+02
2.250000000000000000e+02
2.120000000000000000e+02
1.890000000000000000e+02
2.070000000000000000e+02
2.080000000000000000e+02
2.030000000000000000e+02
2.090000000000000000e+02
2.110000000000000000e+02
2.530000000000000000e+02
2.850000000000000000e+02
3.230000000000000000e+02
4.340000000000000000e+02
4.650000000000000000e+02
5.230000000000000000e+02
5.530000000000000000e+02
6.270000000000000000e+02
5.520000000000000000e+02
5.400000000000000000e+02
5.720000000000000000e+02
5.070000000000000000e+02
5.560000000000000000e+02
5.160000000000000000e+02
4.920000000000000000e+02
5.270000000000000000e+02
5.380000000000000000e+02
6.240000000000000000e+02
4.790000000000000000e+02
4.510000000000000000e+02
4.420000000000000000e+02
4.520000000000000000e+02
4.610000000000000000e+02
4.780000000000000000e+02
5.040000000000000000e+02
4.220000000000000000e+02
4.190000000000000000e+02
4.440000000000000000e+02
4.300000000000000000e+02
4.210000000000000000e+02
4.330000000000000000e+02
4.370000000000000000e+02
5.200000000000000000e+02
6.320000000000000000e+02
5.150000000000000000e+02
3.860000000000000000e+02
3.570000000000000000e+02
3.220000000000000000e+02
2.770000000000000000e+02
2.960000000000000000e+02
2.280000000000000000e+02
1.340000000000000000e+02
9.500000000000000000e+01
8.100000000000000000e+01
6.400000000000000000e+01
5.400000000000000000e+01
7.600000000000000000e+01
7.400000000000000000e+01
8.600000000000000000e+01
9.100000000000000000e+01
1.120000000000000000e+02
1.180000000000000000e+02
4.900000000000000000e+01
4.000000000000000000e+01
3.000000000000000000e+01
9.000000000000000000e+00
9.000000000000000000e+00
0.000000000000000000e+00
0.000000000000000000e+00
0.000000000000000000e+00
1.000000000000000000e+00
0.000000000000000000e+00
3.375000000000000000e+03
2.675000000000000000e+03
1.961000000000000000e+03
1.698000000000000000e+03
1.734000000000000000e+03
1.790000000000000000e+03
1.598000000000000000e+03
1.435000000000000000e+03
1.325000000000000000e+03
1.234000000000000000e+03
1.226000000000000000e+03
1.300000000000000000e+03
1.212000000000000000e+03
1.100000000000000000e+03
1.134000000000000000e+03
1.084000000000000000e+03
1.043000000000000000e+03
9.830000000000000000e+02
1.001000000000000000e+03
9.420000000000000000e+02
9.820000000000000000e+02
1.040000000000000000e+03
9.950000000000000000e+02
1.046000000000000000e+03
1.025000000000000000e+03
1.046000000000000000e+03
1.076000000000000000e+03
1.065000000000000000e+03
1.133000000000000000e+03
1.145000000000000000e+03
1.232000000000000000e+03
1.234000000000000000e+03
1.113000000000000000e+03
1.175000000000000000e+03
1.146000000000000000e+03
1.087000000000000000e+03
1.083000000000000000e+03
1.092000000000000000e+03
9.790000000000000000e+02
1.014000000000000000e+03
9.210000000000000000e+02
8.230000000000000000e+02
8.510000000000000000e+02
8.190000000000000000e+02
8.440000000000000000e+02
7.500000000000000000e+02
7.520000000000000000e+02
8.030000000000000000e+02
7.040000000000000000e+02
7.650000000000000000e+02
7.330000000000000000e+02
7.360000000000000000e+02
7.510000000000000000e+02
7.580000000000000000e+02
8.050000000000000000e+02
8.010000000000000000e+02
7.830000000000000000e+02
7.860000000000000000e+02
7.400000000000000000e+02
7.990000000000000000e+02
7.470000000000000000e+02
7.680000000000000000e+02
7.560000000000000000e+02
7.540000000000000000e+02
7.910000000000000000e+02
8.040000000000000000e+02
7.600000000000000000e+02
7.930000000000000000e+02
7.590000000000000000e+02
8.290000000000000000e+02
8.060000000000000000e+02
8.260000000000000000e+02
8.080000000000000000e+02
8.530000000000000000e+02
8.480000000000000000e+02
8.410000000000000000e+02
8.250000000000000000e+02
9.100000000000000000e+02
9.020000000000000000e+02
8.450000000000000000e+02
9.120000000000000000e+02
9.110000000000000000e+02
9.050000000000000000e+02
9.020000000000000000e+02
9.030000000000000000e+02
9.270000000000000000e+02
9.630000000000000000e+02
9.530000000000000000e+02
9.420000000000000000e+02
9.780000000000000000e+02
9.610000000000000000e+02
9.400000000000000000e+02
9.410000000000000000e+02
1.097000000000000000e+03
1.035000000000000000e+03
9.800000000000000000e+02
1.061000000000000000e+03
9.450000000000000000e+02
1.023000000000000000e+03
1.000000000000000000e+03
9.600000000000000000e+02
1.000000000000000000e+03
1.030000000000000000e+03
9.890000000000000000e+02
9.830000000000000000e+02
1.026000000000000000e+03
9.800000000000000000e+02
1.005000000000000000e+03
9.580000000000000000e+02
9.580000000000000000e+02
9.340000000000000000e+02
9.250000000000000000e+02
9.700000000000000000e+02
8.830000000000000000e+02
8.570000000000000000e+02
8.460000000000000000e+02
8.270000000000000000e+02
8.520000000000000000e+02
8.810000000000000000e+02
8.190000000000000000e+02
8.600000000000000000e+02
8.690000000000000000e+02
8.210000000000000000e+02
7.900000000000000000e+02
8.060000000000000000e+02
8.650000000000000000e+02
7.770000000000000000e+02
8.170000000000000000e+02
9.410000000000000000e+02
9.170000000000000000e+02
1.013000000000000000e+03
9.750000000000000000e+02
1.035000000000000000e+03
1.024000000000000000e+03
1.157000000000000000e+03
1.225000000000000000e+03
1.355000000000000000e+03
1.391000000000000000e+03
1.536000000000000000e+03
1.654000000000000000e+03
1.842000000000000000e+03
1.838000000000000000e+03
1.967000000000000000e+03
2.082000000000000000e+03
2.290000000000000000e+03
2.455000000000000000e+03
2.538000000000000000e+03
2.816000000000000000e+03
2.899000000000000000e+03
3.079000000000000000e+03
3.194000000000000000e+03
3.118000000000000000e+03
3.028000000000000000e+03
2.929000000000000000e+03
2.973000000000000000e+03
2.909000000000000000e+03
2.932000000000000000e+03
2.895000000000000000e+03
2.938000000000000000e+03
2.861000000000000000e+03
2.225000000000000000e+03
1.923000000000000000e+03
1.565000000000000000e+03
1.440000000000000000e+03
1.178000000000000000e+03
1.116000000000000000e+03
1.116000000000000000e+03
1.075000000000000000e+03
9.450000000000000000e+02
8.770000000000000000e+02
8.620000000000000000e+02
9.100000000000000000e+02
7.930000000000000000e+02
6.230000000000000000e+02
5.650000000000000000e+02
5.500000000000000000e+02
5.350000000000000000e+02
5.330000000000000000e+02
4.950000000000000000e+02
5.010000000000000000e+02
4.730000000000000000e+02
3.980000000000000000e+02
4.020000000000000000e+02
3.860000000000000000e+02
3.490000000000000000e+02
3.500000000000000000e+02
3.290000000000000000e+02
3.230000000000000000e+02
2.700000000000000000e+02
3.020000000000000000e+02
2.650000000000000000e+02
2.410000000000000000e+02
2.540000000000000000e+02
2.580000000000000000e+02
3.020000000000000000e+02
4.180000000000000000e+02
4.250000000000000000e+02
4.780000000000000000e+02
5.390000000000000000e+02
6.870000000000000000e+02
5.200000000000000000e+02
5.260000000000000000e+02
5.510000000000000000e+02
4.680000000000000000e+02
5.330000000000000000e+02
5.630000000000000000e+02
5.690000000000000000e+02
5.210000000000000000e+02
5.630000000000000000e+02
6.070000000000000000e+02
5.360000000000000000e+02
4.600000000000000000e+02
4.980000000000000000e+02
4.680000000000000000e+02
4.080000000000000000e+02
4.330000000000000000e+02
4.670000000000000000e+02
4.210000000000000000e+02
4.710000000000000000e+02
4.820000000000000000e+02
4.360000000000000000e+02
4.500000000000000000e+02
4.160000000000000000e+02
4.150000000000000000e+02
4.480000000000000000e+02
5.380000000000000000e+02
6.360000000000000000e+02
5.310000000000000000e+02
3.940000000000000000e+02
3.530000000000000000e+02
3.120000000000000000e+02
2.670000000000000000e+02
2.740000000000000000e+02
1.990000000000000000e+02
1.230000000000000000e+02
1.040000000000000000e+02
7.500000000000000000e+01
5.600000000000000000e+01
6.900000000000000000e+01
9.000000000000000000e+01
1.010000000000000000e+02
1.000000000000000000e+02
9.200000000000000000e+01
1.320000000000000000e+02
6.100000000000000000e+01
4.200000000000000000e+01
3.400000000000000000e+01
2.100000000000000000e+01
9.000000000000000000e+00
0.000000000000000000e+00
0.000000000000000000e+00
0.000000000000000000e+00
0.000000000000000000e+00
1.000000000000000000e+00
0.000000000000000000e+00
0.000000000000000000e+00
