1.253400000000000000e+04
0.000000000000000000e+00
2.300000000000000000e+01
1.080000000000000000e+02
3.600000000000000000e+01
2.530000000000000000e+02
9.770000000000000000e+02
3.900000000000000000e+01
3.970000000000000000e+02
2.120000000000000000e+02
1.480000000000000000e+02
1.156000000000000000e+03
6.610000000000000000e+02
5.187000000000000000e+03
2.449000000000000000e+03
6.302000000000000000e+03
9.471000000000000000e+03
1.078400000000000000e+04
7.288000000000000000e+03
1.276600000000000000e+04
7.991000000000000000e+03
8.369000000000000000e+03
6.341000000000000000e+03
4.408000000000000000e+03
5.576000000000000000e+03
4.581000000000000000e+03
4.682000000000000000e+03
2.302000000000000000e+03
2.553000000000000000e+03
2.824000000000000000e+03
3.818800000000000000e+04
1.896000000000000000e+03
1.953000000000000000e+03
1.624000000000000000e+03
2.061000000000000000e+03
7.392000000000000000e+03
7.108000000000000000e+03
7.070000000000000000e+02
5.870000000000000000e+02
3.290000000000000000e+02
2.440000000000000000e+02
8.200000000000000000e+01
4.390000000000000000e+02
3.120000000000000000e+02
1.900000000000000000e+01
1.250000000000000000e+02
4.000000000000000000e+01
1.000000000000000000e+01
3.700000000000000000e+01
9.000000000000000000e+00
1.763000000000000000e+03
2.500000000000000000e+01
4.000000000000000000e+00
1.700000000000000000e+01
3.000000000000000000e+00
6.000000000000000000e+01
7.000000000000000000e+00
0.000000000000000000e+00
1.000000000000000000e+00
0.000000000000000000e+00
1.830000000000000000e+02
0.000000000000000000e+00
0.000000000000000000e+00
0.000000000000000000e+00
0.000000000000000000e+00
0.000000000000000000e+00
1.190000000000000000e+02
0.000000000000000000e+00
0.000000000000000000e+00
0.000000000000000000e+00
1.800000000000000000e+01
0.000000000000000000e+00
0.000000000000000000e+00
7.000000000000000000e+00
3.000000000000000000e+00
8.129000000000000000e+03
0.000000000000000000e+00
0.000000000000000000e+00
0.000000000000000000e+00
1.000000000000000000e+01
3.900000000000000000e+01
0.000000000000000000e+00
0.000000000000000000e+00
1.840000000000000000e+02
2.000000000000000000e+00
4.000000000000000000e+00
0.000000000000000000e+00
1.100000000000000000e+01
0.000000000000000000e+00
0.000000000000000000e+00
2.600000000000000000e+01
0.000000000000000000e+00
7.000000000000000000e+00
2.000000000000000000e+00
0.000000000000000000e+00
2.800000000000000000e+01
2.520000000000000000e+02
0.000000000000000000e+00
3.800000000000000000e+01
2.500000000000000000e+01
1.700000000000000000e+01
1.130000000000000000e+02
9.400000000000000000e+01
7.520000000000000000e+02
1.610000000000000000e+02
5.060000000000000000e+02
7.040000000000000000e+02
7.200000000000000000e+02
6.040000000000000000e+02
1.539000000000000000e+03
3.788000000000000000e+03
1.652000000000000000e+03
1.279000000000000000e+03
7.560000000000000000e+02
6.183000000000000000e+03
3.653000000000000000e+03
1.079000000000000000e+03
5.000000000000000000e+00
4.400000000000000000e+01
0.000000000000000000e+00
7.639000000000000000e+03
0.000000000000000000e+00
1.120000000000000000e+02
0.000000000000000000e+00
8.180000000000000000e+02
2.877000000000000000e+03
5.262000000000000000e+03
0.000000000000000000e+00
1.250000000000000000e+02
2.200000000000000000e+01
1.160000000000000000e+02
0.000000000000000000e+00
6.390000000000000000e+02
2.920000000000000000e+02
0.000000000000000000e+00
8.200000000000000000e+01
1.000000000000000000e+00
0.000000000000000000e+00
4.500000000000000000e+01
0.000000000000000000e+00
8.620000000000000000e+02
1.100000000000000000e+02
0.000000000000000000e+00
2.000000000000000000e+00
1.000000000000000000e+00
1.400000000000000000e+02
2.000000000000000000e+00
1.000000000000000000e+00
0.000000000000000000e+00
0.000000000000000000e+00
3.000000000000000000e+00
0.000000000000000000e+00
3.000000000000000000e+00
2.000000000000000000e+00
0.000000000000000000e+00
1.000000000000000000e+00
2.750000000000000000e+02
0.000000000000000000e+00
1.600000000000000000e+01
1.000000000000000000e+00
3.400000000000000000e+01
2.000000000000000000e+00
2.000000000000000000e+00
5.000000000000000000e+00
5.000000000000000000e+00
1.574000000000000000e+03
0.000000000000000000e+00
0.000000000000000000e+00
0.000000000000000000e+00
8.000000000000000000e+00
1.320000000000000000e+02
0.000000000000000000e+00
0.000000000000000000e+00
5.050000000000000000e+02
9.000000000000000000e+00
5.000000000000000000e+00
1.000000000000000000e+00
6.900000000000000000e+01
4.000000000000000000e+00
0.000000000000000000e+00
1.133000000000000000e+04
0.000000000000000000e+00
4.612000000000000000e+03
3.005300000000000000e+04
1.012000000000000000e+04
3.269000000000000000e+03
3.978000000000000000e+03
3.229000000000000000e+03
5.953000000000000000e+03
5.745000000000000000e+03
3.572000000000000000e+03
1.624000000000000000e+03
2.034000000000000000e+03
2.784000000000000000e+03
4.406000000000000000e+03
1.848000000000000000e+03
1.474000000000000000e+03
1.317000000000000000e+03
1.068000000000000000e+03
8.560000000000000000e+02
8.320000000000000000e+02
8.150000000000000000e+02
7.950000000000000000e+02
8.460000000000000000e+02
7.700000000000000000e+02
6.950000000000000000e+02
8.360000000000000000e+02
5.930000000000000000e+02
6.550000000000000000e+02
5.280000000000000000e+02
5.800000000000000000e+02
4.530000000000000000e+02
5.420000000000000000e+02
4.590000000000000000e+02
6.410000000000000000e+02
4.650000000000000000e+02
6.210000000000000000e+02
2.520000000000000000e+02
4.770000000000000000e+02
5.280000000000000000e+02
4.820000000000000000e+02
4.800000000000000000e+02
3.560000000000000000e+02
5.820000000000000000e+02
5.290000000000000000e+02
4.120000000000000000e+02
6.070000000000000000e+02
4.260000000000000000e+02
4.290000000000000000e+02
5.330000000000000000e+02
3.750000000000000000e+02
6.760000000000000000e+02
3.490000000000000000e+02
5.360000000000000000e+02
3.850000000000000000e+02
5.520000000000000000e+02
3.390000000000000000e+02
5.680000000000000000e+02
5.130000000000000000e+02
5.180000000000000000e+02
4.150000000000000000e+02
5.690000000000000000e+02
4.760000000000000000e+02
3.050000000000000000e+02
9.300000000000000000e+02
4.060000000000000000e+02
4.490000000000000000e+02
7.000000000000000000e+02
5.130000000000000000e+02
4.260000000000000000e+02
7.260000000000000000e+02
6.920000000000000000e+02
5.400000000000000000e+02
9.050000000000000000e+02
6.360000000000000000e+02
7.400000000000000000e+02
6.470000000000000000e+02
8.600000000000000000e+02
8.540000000000000000e+02
6.680000000000000000e+02
8.910000000000000000e+02
9.420000000000000000e+02
8.050000000000000000e+02
8.970000000000000000e+02
7.980000000000000000e+02
1.474000000000000000e+03
7.870000000000000000e+02
8.650000000000000000e+02
9.230000000000000000e+02
9.550000000000000000e+02
1.002000000000000000e+03
9.810000000000000000e+02
8.810000000000000000e+02
9.620000000000000000e+02
1.019000000000000000e+03
8.510000000000000000e+02
1.198000000000000000e+03
9.350000000000000000e+02
1.172000000000000000e+03
9.090000000000000000e+02
1.011000000000000000e+03
9.170000000000000000e+02
1.497000000000000000e+03
9.570000000000000000e+02
1.023000000000000000e+03
9.340000000000000000e+02
1.239000000000000000e+03
1.007000000000000000e+03
9.170000000000000000e+02
1.165000000000000000e+03
9.780000000000000000e+02
1.012000000000000000e+03
9.980000000000000000e+02
1.106000000000000000e+03
9.580000000000000000e+02
9.520000000000000000e+02
1.186000000000000000e+03
9.530000000000000000e+02
1.133000000000000000e+03
8.890000000000000000e+02
1.063000000000000000e+03
9.300000000000000000e+02
9.000000000000000000e+02
9.650000000000000000e+02
8.400000000000000000e+02
8.880000000000000000e+02
8.740000000000000000e+02
8.220000000000000000e+02
1.864000000000000000e+03
8.440000000000000000e+02
8.500000000000000000e+02
7.790000000000000000e+02
7.830000000000000000e+02
8.050000000000000000e+02
8.160000000000000000e+02
7.900000000000000000e+02
8.190000000000000000e+02
7.890000000000000000e+02
7.570000000000000000e+02
8.570000000000000000e+02
7.520000000000000000e+02
7.150000000000000000e+02
1.025000000000000000e+03
7.900000000000000000e+02
6.360000000000000000e+02
6.430000000000000000e+02
7.570000000000000000e+02
6.550000000000000000e+02
6.740000000000000000e+02
6.940000000000000000e+02
5.100000000000000000e+02
5.850000000000000000e+02
4.990000000000000000e+02
8.520000000000000000e+02
4.730000000000000000e+02
5.310000000000000000e+02
5.080000000000000000e+02
5.240000000000000000e+02
5.350000000000000000e+02
8.420000000000000000e+02
3.380000000000000000e+02
4.710000000000000000e+02
5.080000000000000000e+02
4.140000000000000000e+02
4.280000000000000000e+02
4.570000000000000000e+02
3.960000000000000000e+02
4.160000000000000000e+02
3.370000000000000000e+02
2.190000000000000000e+02
1.655000000000000000e+03
2.320000000000000000e+02
2.950000000000000000e+02
3.490000000000000000e+02
3.800000000000000000e+02
2.990000000000000000e+02
2.980000000000000000e+02
4.400000000000000000e+02
2.170000000000000000e+02
4.700000000000000000e+02
3.030000000000000000e+02
3.180000000000000000e+02
8.450000000000000000e+02
2.470000000000000000e+02
3.570000000000000000e+02
4.230000000000000000e+02
2.450000000000000000e+02
2.860000000000000000e+02
3.810000000000000000e+02
3.220000000000000000e+02
2.370000000000000000e+02
8.190000000000000000e+02
1.300000000000000000e+02
3.680000000000000000e+02
2.450000000000000000e+02
2.530000000000000000e+02
4.000000000000000000e+02
3.790000000000000000e+02
3.240000000000000000e+02
1.900000000000000000e+02
4.810000000000000000e+02
2.530000000000000000e+02
2.220000000000000000e+02
2.380000000000000000e+02
5.310000000000000000e+02
1.620000000000000000e+02
2.980000000000000000e+02
2.060000000000000000e+02
2.980000000000000000e+02
3.510000000000000000e+02
1.810000000000000000e+02
2.040000000000000000e+02
9.200000000000000000e+01
9.730000000000000000e+02
1.920000000000000000e+02
1.700000000000000000e+02
2.730000000000000000e+02
1.740000000000000000e+02
9.700000000000000000e+01
4.190000000000000000e+02
1.560000000000000000e+02
1.470000000000000000e+02
1.590000000000000000e+02
2.050000000000000000e+02
1.770000000000000000e+02
1.370000000000000000e+02
9.200000000000000000e+01
2.560000000000000000e+02
1.360000000000000000e+02
6.300000000000000000e+01
2.140000000000000000e+02
1.120000000000000000e+02
1.270000000000000000e+02
9.500000000000000000e+01
1.600000000000000000e+02
1.370000000000000000e+02
9.200000000000000000e+01
1.260000000000000000e+02
1.040000000000000000e+02
1.140000000000000000e+02
9.000000000000000000e+01
9.700000000000000000e+01
1.220000000000000000e+02
1.070000000000000000e+02
7.600000000000000000e+01
5.900000000000000000e+01
6.300000000000000000e+01
7.900000000000000000e+01
7.800000000000000000e+01
6.000000000000000000e+01
3.200000000000000000e+01
1.900000000000000000e+01
2.100000000000000000e+01
0.000000000000000000e+00
0.000000000000000000e+00
9.709000000000000000e+03
1.621000000000000000e+03
1.341000000000000000e+03
1.882000000000000000e+03
1.462000000000000000e+03
1.632000000000000000e+03
1.634000000000000000e+03
1.472000000000000000e+03
1.215000000000000000e+03
1.085000000000000000e+03
1.042000000000000000e+03
9.560000000000000000e+02
1.078000000000000000e+03
9.870000000000000000e+02
9.700000000000000000e+02
8.910000000000000000e+02
8.920000000000000000e+02
9.640000000000000000e+02
9.210000000000000000e+02
9.410000000000000000e+02
9.300000000000000000e+02
9.520000000000000000e+02
1.000000000000000000e+03
1.047000000000000000e+03
1.088000000000000000e+03
1.069000000000000000e+03
1.171000000000000000e+03
1.202000000000000000e+03
1.233000000000000000e+03
1.174000000000000000e+03
1.180000000000000000e+03
1.160000000000000000e+03
1.181000000000000000e+03
1.106000000000000000e+03
1.134000000000000000e+03
1.142000000000000000e+03
1.096000000000000000e+03
1.137000000000000000e+03
1.103000000000000000e+03
9.850000000000000000e+02
1.011000000000000000e+03
9.940000000000000000e+02
9.160000000000000000e+02
8.740000000000000000e+02
8.760000000000000000e+02
8.830000000000000000e+02
8.810000000000000000e+02
7.980000000000000000e+02
9.290000000000000000e+02
8.080000000000000000e+02
8.730000000000000000e+02
8.600000000000000000e+02
8.260000000000000000e+02
8.360000000000000000e+02
7.620000000000000000e+02
8.320000000000000000e+02
8.360000000000000000e+02
8.580000000000000000e+02
8.380000000000000000e+02
7.910000000000000000e+02
8.360000000000000000e+02
8.250000000000000000e+02
8.200000000000000000e+02
8.330000000000000000e+02
8.630000000000000000e+02
8.480000000000000000e+02
8.840000000000000000e+02
8.870000000000000000e+02
8.910000000000000000e+02
9.470000000000000000e+02
9.670000000000000000e+02
9.860000000000000000e+02
9.740000000000000000e+02
9.750000000000000000e+02
1.013000000000000000e+03
1.003000000000000000e+03
9.800000000000000000e+02
9.270000000000000000e+02
1.010000000000000000e+03
1.005000000000000000e+03
9.300000000000000000e+02
1.030000000000000000e+03
9.770000000000000000e+02
9.730000000000000000e+02
9.500000000000000000e+02
9.580000000000000000e+02
9.620000000000000000e+02
9.630000000000000000e+02
9.790000000000000000e+02
8.960000000000000000e+02
1.006000000000000000e+03
9.570000000000000000e+02
9.480000000000000000e+02
9.450000000000000000e+02
1.061000000000000000e+03
1.040000000000000000e+03
1.015000000000000000e+03
1.061000000000000000e+03
9.600000000000000000e+02
1.031000000000000000e+03
1.045000000000000000e+03
1.033000000000000000e+03
1.053000000000000000e+03
1.077000000000000000e+03
1.035000000000000000e+03
1.042000000000000000e+03
1.065000000000000000e+03
1.024000000000000000e+03
1.055000000000000000e+03
1.016000000000000000e+03
1.018000000000000000e+03
9.700000000000000000e+02
9.720000000000000000e+02
1.029000000000000000e+03
9.270000000000000000e+02
8.840000000000000000e+02
8.780000000000000000e+02
8.680000000000000000e+02
8.660000000000000000e+02
9.000000000000000000e+02
8.370000000000000000e+02
8.500000000000000000e+02
8.580000000000000000e+02
8.390000000000000000e+02
7.910000000000000000e+02
8.130000000000000000e+02
8.790000000000000000e+02
8.020000000000000000e+02
8.300000000000000000e+02
9.620000000000000000e+02
9.030000000000000000e+02
9.910000000000000000e+02
9.560000000000000000e+02
1.028000000000000000e+03
1.037000000000000000e+03
1.132000000000000000e+03
1.213000000000000000e+03
1.362000000000000000e+03
1.391000000000000000e+03
1.515000000000000000e+03
1.653000000000000000e+03
1.821000000000000000e+03
1.787000000000000000e+03
1.966000000000000000e+03
2.054000000000000000e+03
2.299000000000000000e+03
2.478000000000000000e+03
2.528000000000000000e+03
2.716000000000000000e+03
2.811000000000000000e+03
2.972000000000000000e+03
3.214000000000000000e+03
3.041000000000000000e+03
3.033000000000000000e+03
2.982000000000000000e+03
2.937000000000000000e+03
2.872000000000000000e+03
2.896000000000000000e+03
2.972000000000000000e+03
2.934000000000000000e+03
2.877000000000000000e+03
2.257000000000000000e+03
1.942000000000000000e+03
1.543000000000000000e+03
1.383000000000000000e+03
1.222000000000000000e+03
1.193000000000000000e+03
1.038000000000000000e+03
1.120000000000000000e+03
9.740000000000000000e+02
8.680000000000000000e+02
8.760000000000000000e+02
8.970000000000000000e+02
8.630000000000000000e+02
7.490000000000000000e+02
5.350000000000000000e+02
5.530000000000000000e+02
5.300000000000000000e+02
5.370000000000000000e+02
5.070000000000000000e+02
4.800000000000000000e+02
4.570000000000000000e+02
3.980000000000000000e+02
3.580000000000000000e+02
3.490000000000000000e+02
3.620000000000000000e+02
3.290000000000000000e+02
3.320000000000000000e+02
3.200000000000000000e+02
2.830000000000000000e+02
2.790000000000000000e+02
2.700000000000000000e+02
2.400000000000000000e+02
2.470000000000000000e+02
2.250000000000000000e+02
2.420000000000000000e+02
2.930000000000000000e+02
3.170000000000000000e+02
3.970000000000000000e+02
4.490000000000000000e+02
5.320000000000000000e+02
5.250000000000000000e+02
6.160000000000000000e+02
5.440000000000000000e+02
5.070000000000000000e+02
5.530000000000000000e+02
4.810000000000000000e+02
5.430000000000000000e+02
5.440000000000000000e+02
5.030000000000000000e+02
4.970000000000000000e+02
5.340000000000000000e+02
6.060000000000000000e+02
4.970000000000000000e+02
4.890000000000000000e+02
4.630000000000000000e+02
4.670000000000000000e+02
4.210000000000000000e+02
4.100000000000000000e+02
4.570000000000000000e+02
3.980000000000000000e+02
4.300000000000000000e+02
3.990000000000000000e+02
2.860000000000000000e+02
2.730000000000000000e+02
2.900000000000000000e+02
2.990000000000000000e+02
3.980000000000000000e+02
4.380000000000000000e+02
4.160000000000000000e+02
4.020000000000000000e+02
4.750000000000000000e+02
6.160000000000000000e+02
5.020000000000000000e+02
4.040000000000000000e+02
3.180000000000000000e+02
2.900000000000000000e+02
2.690000000000000000e+02
2.820000000000000000e+02
2.220000000000000000e+02
1.640000000000000000e+02
1.270000000000000000e+02
7.700000000000000000e+01
1.120000000000000000e+02
8.300000000000000000e+01
9.400000000000000000e+01
1.270000000000000000e+02
9.500000000000000000e+01
7.600000000000000000e+01
6.000000000000000000e+01
4.700000000000000000e+01
3.600000000000000000e+01
1.500000000000000000e+01
1.000000000000000000e+01
3.000000000000000000e+00
0.000000000000000000e+00
1.000000000000000000e+00
